99990
99982
99981
99977
99969
99968
99956
99929
99903
99902
99895
99874
99837
99834
99815
99788
99771
99760
99748
99743
99740
99726
99712
99693
99672
99668
99667
99666
99664
99664
99653
99639
99639
99633
99633
99624
99621
99614
99604
99603
99594
99571
99569
99568
99555
99535
99524
99520
99513
99501
99500
99496
99488
99462
99453
99441
99426
99423
99388
99377
99372
99361
99360
99355
99351
99346
99338
99329
99310
99278
99274
99271
99270
99264
99252
99234
99233
99206
99179
99176
99170
99160
99130
99128
99113
99109
99104
99090
99079
99067
99064
99063
99052
99052
99051
99019
98991
98990
98989
98988
98981
98966
98951
98937
98936
98928
98923
98918
98917
98896
98888
98867
98855
98837
98803
98786
98766
98764
98760
98714
98677
98663
98661
98661
98658
98655
98644
98644
98622
98621
98617
98606
98605
98586
98579
98571
98560
98553
98547
98525
98523
98519
98517
98516
98515
98514
98509
98496
98487
98486
98468
98465
98462
98453
98440
98435
98424
98415
98385
98380
98378
98370
98348
98329
98311
98304
98302
98295
98279
98277
98276
98255
98238
98216
98209
98188
98175
98163
98154
98142
98128
98125
98121
98102
98100
98099
98082
98066
98055
98054
98046
98039
98017
98016
97974
97971
97960
97953
97930
97929
97915
97911
97908
97905
97884
97868
97831
97830
97821
97792
97783
97751
97742
97740
97739
97730
97729
97723
97721
97706
97688
97670
97663
97656
97655
97648
97636
97631
97600
97576
97556
97548
97524
97477
97426
97426
97411
97406
97403
97399
97391
97371
97367
97356
97343
97343
97320
97319
97309
97304
97294
97287
97281
97273
97267
97261
97256
97243
97239
97218
97199
97196
97196
97194
97177
97171
97165
97157
97157
97108
97105
97105
97074
97059
97053
97045
97016
97001
97001
96990
96985
96975
96965
96960
96957
96954
96954
96953
96939
96938
96933
96931
96911
96907
96884
96874
96872
96843
96837
96800
96787
96786
96755
96754
96739
96685
96684
96672
96646
96614
96567
96558
96557
96554
96538
96530
96527
96519
96497
96497
96476
96470
96461
96454
96450
96444
96438
96432
96422
96400
96380
96371
96354
96340
96339
96338
96337
96336
96335
96331
96309
96292
96271
96265
96265
96264
96258
96230
96214
96204
96189
96179
96176
96175
96168
96152
96138
96138
96137
96124
96119
96117
96105
96098
96093
96092
96085
96074
96053
96051
96049
96049
96045
96042
96030
96028
96017
96005
95980
95976
95966
95913
95893
95872
95872
95862
95833
95832
95799
95786
95785
95775
95773
95772
95763
95753
95736
95730
95720
95716
95714
95691
95664
95645
95642
95633
95624
95618
95616
95613
95608
95596
95583
95568
95564
95563
95558
95554
95553
95547
95542
95524
95506
95497
95497
95476
95475
95463
95455
95450
95446
95443
95436
95415
95411
95383
95382
95379
95368
95357
95331
95324
95318
95317
95313
95294
95215
95170
95170
95164
95163
95158
95147
95139
95137
95134
95107
95102
95101
95081
95064
95054
95017
94992
94992
94991
94990
94966
94957
94956
94945
94944
94940
94929
94923
94921
94920
94913
94903
94889
94877
94858
94846
94825
94824
94809
94806
94801
94786
94781
94777
94776
94771
94753
94744
94743
94721
94711
94711
94682
94666
94663
94657
94654
94650
94639
94615
94592
94586
94565
94562
94534
94524
94519
94494
94487
94485
94484
94471
94459
94444
94416
94379
94356
94353
94334
94326
94324
94316
94316
94306
94297
94293
94287
94284
94277
94277
94275
94265
94247
94235
94230
94229
94215
94208
94201
94197
94181
94170
94163
94156
94152
94149
94149
94146
94143
94113
94092
94057
94049
94040
94034
94025
94025
94019
94005
94003
93999
93999
93989
93987
93977
93976
93975
93956
93953
93946
93928
93919
93906
93873
93872
93853
93831
93827
93825
93813
93799
93791
93787
93785
93777
93768
93764
93762
93761
93749
93743
93702
93686
93677
93673
93666
93658
93654
93654
93619
93615
93576
93576
93566
93565
93556
93549
93541
93536
93533
93531
93526
93513
93509
93498
93479
93460
93441
93436
93422
93420
93419
93406
93405
93402
93389
93365
93340
93315
93306
93305
93300
93296
93264
93261
93253
93250
93249
93244
93227
93224
93207
93204
93197
93196
93193
93193
93180
93174
93170
93158
93148
93141
93136
93124
93109
93105
93099
93081
93079
93075
93066
93049
93038
93034
93032
93028
92988
92972
92967
92952
92945
92942
92929
92927
92926
92923
92912
92909
92907
92904
92883
92879
92860
92851
92850
92831
92801
92793
92785
92770
92760
92752
92727
92722
92717
92711
92704
92684
92683
92681
92679
92673
92668
92663
92642
92639
92638
92628
92628
92616
92609
92565
92535
92532
92517
92474
92471
92464
92457
92449
92449
92446
92429
92427
92419
92397
92387
92378
92376
92369
92367
92362
92362
92355
92354
92354
92343
92342
92324
92310
92309
92307
92301
92284
92283
92275
92259
92225
92225
92211
92211
92182
92169
92146
92135
92118
92114
92092
92085
92081
92048
92037
92035
92030
92022
92009
91994
91990
91988
91986
91978
91967
91965
91964
91955
91953
91944
91944
91933
91933
91916
91914
91910
91901
91899
91886
91885
91879
91866
91858
91857
91833
91821
91802
91798
91791
91754
91753
91747
91744
91744
91743
91740
91737
91734
91724
91717
91714
91692
91686
91678
91667
91657
91624
91603
91600
91595
91535
91487
91482
91463
91461
91461
91457
91452
91452
91451
91443
91427
91407
91406
91402
91390
91384
91383
91383
91377
91377
91373
91353
91353
91346
91339
91333
91330
91321
91300
91299
91299
91295
91290
91284
91279
91271
91271
91255
91251
91251
91244
91240
91232
91227
91219
91215
91202
91199
91191
91154
91149
91124
91116
91109
91103
91086
91080
91057
91050
91044
91017
91003
90977
90976
90962
90956
90946
90939
90912
90910
90900
90898
90891
90889
90887
90886
90885
90877
90869
90858
90854
90852
90833
90825
90809
90774
90742
90735
90717
90713
90701
90697
90688
90684
90650
90648
90635
90627
90621
90613
90612
90604
90596
90595
90587
90585
90564
90557
90543
90527
90525
90511
90506
90500
90499
90488
90456
90449
90424
90416
90414
90409
90402
90396
90385
90385
90381
90380
90380
90377
90375
90371
90371
90368
90353
90345
90345
90342
90340
90329
90313
90311
90289
90289
90283
90271
90269
90269
90266
90258
90254
90241
90241
90229
90229
90223
90219
90217
90198
90183
90173
90161
90154
90152
90148
90145
90136
90133
90132
90094
90083
90080
90078
90071
90067
90048
90045
90045
90035
90035
90015
90015
89999
89989
89982
89980
89966
89952
89951
89948
89926
89908
89906
89904
89887
89856
89852
89827
89818
89809
89809
89808
89798
89795
89787
89769
89767
89759
89755
89732
89718
89701
89694
89690
89682
89654
89647
89646
89642
89632
89623
89610
89602
89598
89588
89559
89542
89531
89524
89516
89515
89514
89503
89472
89456
89449
89440
89439
89439
89437
89427
89427
89401
89379
89372
89341
89325
89321
89316
89314
89314
89313
89312
89310
89301
89296
89286
89283
89274
89263
89263
89251
89231
89222
89211
89193
89189
89182
89176
89160
89156
89150
89144
89142
89139
89137
89124
89117
89112
89099
89070
89052
89047
89033
89014
88995
88992
88985
88984
88983
88966
88959
88954
88952
88950
88949
88940
88929
88924
88912
88906
88901
88892
88880
88875
88859
88854
88834
88819
88817
88809
88801
88799
88774
88762
88752
88731
88729
88703
88690
88689
88673
88673
88665
88656
88630
88623
88617
88610
88602
88596
88584
88583
88562
88559
88558
88558
88543
88542
88533
88524
88500
88472
88457
88431
88423
88416
88413
88400
88391
88358
88353
88338
88331
88330
88330
88326
88324
88312
88308
88306
88302
88302
88288
88272
88250
88248
88246
88233
88232
88231
88217
88208
88194
88188
88176
88169
88164
88153
88151
88126
88125
88125
88107
88106
88102
88090
88079
88073
88072
88069
88068
88055
88045
88023
88015
88009
87998
87993
87992
87986
87981
87956
87956
87946
87944
87944
87935
87893
87882
87880
87871
87869
87840
87820
87812
87810
87806
87803
87799
87783
87780
87761
87755
87753
87753
87717
87714
87708
87705
87702
87700
87689
87688
87638
87626
87620
87620
87613
87593
87590
87572
87553
87551
87545
87543
87539
87529
87524
87514
87505
87483
87467
87462
87459
87425
87422
87405
87394
87380
87377
87367
87364
87349
87345
87335
87324
87316
87300
87290
87266
87263
87259
87257
87255
87253
87209
87195
87192
87189
87186
87164
87147
87144
87140
87135
87116
87098
87083
87077
87042
87041
87039
87038
87035
87035
87020
86984
86980
86957
86937
86925
86905
86889
86873
86870
86869
86868
86844
86838
86807
86780
86767
86765
86764
86760
86743
86741
86738
86730
86730
86724
86718
86711
86707
86686
86674
86674
86657
86642
86609
86607
86602
86565
86559
86555
86553
86528
86519
86496
86458
86451
86450
86440
86440
86433
86430
86407
86401
86396
86395
86386
86351
86351
86350
86349
86325
86299
86290
86287
86278
86275
86272
86268
86268
86261
86257
86242
86241
86239
86238
86232
86229
86229
86229
86226
86196
86170
86168
86155
86154
86153
86151
86143
86121
86095
86082
86075
86073
86073
86073
86062
86053
86041
86037
86020
86019
86016
86014
85963
85958
85954
85952
85910
85902
85897
85865
85861
85855
85838
85836
85831
85831
85819
85817
85813
85804
85799
85792
85789
85786
85783
85767
85763
85761
85761
85760
85740
85739
85720
85714
85706
85681
85681
85680
85673
85660
85658
85641
85608
85601
85593
85592
85592
85566
85550
85543
85536
85535
85525
85523
85453
85443
85439
85438
85401
85386
85381
85380
85377
85363
85358
85340
85327
85324
85323
85292
85289
85287
85279
85270
85264
85257
85252
85243
85242
85241
85240
85224
85204
85203
85179
85168
85160
85157
85145
85136
85134
85125
85120
85111
85094
85088
85080
85072
85042
85031
85007
84982
84974
84973
84926
84915
84899
84879
84874
84873
84872
84845
84827
84820
84808
84801
84799
84785
84779
84775
84760
84758
84750
84747
84719
84700
84696
84696
84683
84663
84645
84637
84626
84612
84605
84593
84581
84567
84560
84552
84541
84534
84528
84528
84519
84509
84502
84476
84468
84467
84467
84464
84458
84450
84448
84439
84437
84431
84418
84413
84411
84404
84399
84389
84389
84388
84386
84383
84382
84379
84373
84370
84363
84355
84333
84330
84323
84322
84318
84317
84304
84302
84290
84285
84241
84221
84197
84190
84185
84171
84165
84157
84155
84150
84148
84126
84125
84121
84121
84092
84079
84069
84045
84028
84001
83990
83972
83959
83952
83915
83915
83912
83902
83902
83885
83879
83871
83856
83846
83834
83832
83832
83831
83829
83821
83797
83789
83782
83780
83777
83762
83758
83750
83733
83730
83721
83719
83715
83711
83709
83698
83696
83686
83670
83666
83666
83629
83625
83622
83619
83611
83599
83588
83559
83556
83540
83530
83528
83524
83514
83483
83481
83480
83479
83473
83463
83455
83448
83446
83443
83435
83427
83407
83388
83384
83376
83375
83349
83342
83332
83327
83327
83320
83304
83286
83269
83267
83251
83245
83230
83226
83210
83147
83134
83133
83132
83127
83115
83109
83101
83090
83063
83060
83049
83043
83037
83028
83013
82997
82992
82984
82983
82969
82966
82964
82957
82956
82952
82946
82936
82934
82919
82902
82898
82892
82885
82872
82864
82862
82861
82858
82856
82843
82840
82830
82830
82825
82822
82822
82819
82817
82814
82805
82791
82775
82764
82760
82756
82754
82752
82742
82738
82736
82735
82721
82716
82696
82686
82683
82681
82670
82667
82662
82648
82644
82632
82632
82631
82608
82601
82586
82570
82569
82568
82564
82546
82538
82535
82532
82514
82513
82496
82490
82487
82469
82444
82429
82418
82416
82411
82374
82348
82337
82336
82288
82279
82263
82241
82233
82225
82222
82219
82213
82204
82194
82177
82172
82171
82166
82165
82161
82146
82145
82139
82131
82130
82110
82109
82102
82098
82085
82074
82065
82061
82055
82049
82041
82037
82035
81988
81974
81961
81959
81948
81940
81929
81926
81913
81901
81882
81880
81841
81811
81791
81784
81782
81760
81751
81742
81703
81683
81649
81641
81635
81631
81630
81623
81613
81612
81603
81596
81586
81544
81532
81517
81486
81471
81460
81459
81431
81419
81394
81389
81370
81359
81348
81345
81341
81324
81318
81318
81316
81309
81300
81297
81255
81253
81250
81243
81238
81232
81226
81224
81218
81215
81188
81175
81170
81158
81154
81142
81139
81095
81089
81077
81059
81052
81037
81007
80990
80983
80966
80956
80953
80949
80943
80932
80875
80866
80860
80859
80839
80832
80828
80827
80826
80821
80816
80812
80809
80808
80788
80773
80770
80718
80710
80696
80692
80666
80657
80643
80640
80616
80615
80588
80566
80554
80551
80539
80514
80505
80487
80460
80457
80449
80439
80427
80425
80392
80388
80385
80375
80372
80367
80350
80348
80344
80341
80330
80312
80289
80276
80252
80245
80241
80219
80217
80210
80208
80203
80188
80171
80165
80165
80162
80162
80159
80141
80112
80101
80101
80079
80079
80072
80069
80055
80022
80017
80000
79993
79984
79937
79937
79932
79924
79915
79907
79903
79893
79858
79843
79830
79825
79825
79807
79799
79794
79793
79775
79770
79742
79736
79731
79724
79703
79702
79698
79692
79679
79672
79665
79659
79657
79644
79631
79628
79618
79608
79592
79581
79555
79545
79526
79503
79494
79478
79477
79477
79454
79454
79447
79440
79435
79422
79408
79349
79348
79325
79325
79322
79315
79304
79273
79267
79258
79256
79255
79250
79248
79237
79224
79222
79214
79211
79210
79196
79194
79191
79177
79175
79165
79156
79146
79143
79134
79130
79122
79119
79108
79106
79090
79074
79036
79024
79005
78992
78959
78949
78949
78938
78922
78920
78916
78913
78903
78897
78888
78873
78870
78856
78844
78842
78834
78833
78830
78812
78809
78806
78805
78799
78799
78755
78752
78738
78725
78718
78708
78662
78659
78635
78630
78626
78617
78594
78584
78574
78551
78549
78546
78539
78534
78529
78518
78518
78501
78498
78490
78482
78465
78437
78428
78427
78415
78413
78413
78382
78362
78353
78353
78344
78342
78328
78323
78311
78308
78308
78303
78300
78287
78282
78243
78235
78229
78226
78220
78215
78212
78190
78184
78180
78180
78163
78150
78137
78128
78127
78122
78109
78096
78088
78081
78069
78063
78040
78024
78016
78013
77962
77954
77949
77919
77910
77901
77896
77893
77875
77860
77852
77848
77846
77845
77835
77819
77817
77807
77775
77761
77745
77741
77710
77685
77684
77684
77680
77677
77665
77658
77654
77646
77635
77628
77615
77609
77607
77602
77594
77587
77585
77566
77555
77533
77490
77487
77481
77462
77445
77443
77441
77440
77432
77425
77399
77382
77381
77374
77367
77365
77336
77301
77290
77286
77278
77266
77252
77231
77224
77211
77206
77197
77193
77186
77172
77155
77150
77145
77143
77136
77118
77107
77105
77104
77103
77103
77097
77093
77079
77067
77064
77057
77056
77046
77038
77032
77022
77002
77000
76988
76987
76976
76942
76939
76935
76899
76887
76880
76876
76859
76851
76839
76829
76825
76824
76820
76809
76804
76800
76779
76777
76771
76763
76762
76726
76722
76709
76688
76677
76657
76652
76634
76621
76614
76612
76578
76572
76570
76556
76555
76553
76545
76543
76527
76525
76513
76509
76507
76504
76502
76498
76487
76481
76476
76469
76468
76466
76457
76419
76415
76408
76373
76370
76363
76360
76359
76359
76345
76331
76318
76269
76265
76249
76247
76247
76239
76218
76214
76206
76174
76162
76143
76136
76128
76128
76084
76077
76067
76064
76055
76032
76025
76005
75997
75970
75969
75966
75959
75917
75901
75893
75893
75892
75838
75827
75824
75822
75821
75817
75809
75798
75793
75779
75771
75762
75757
75752
75741
75725
75709
75709
75709
75704
75702
75668
75660
75649
75629
75628
75621
75607
75606
75593
75559
75541
75526
75502
75486
75466
75465
75461
75458
75422
75413
75412
75406
75389
75386
75379
75379
75370
75366
75352
75337
75325
75303
75299
75294
75292
75289
75285
75284
75274
75259
75252
75243
75227
75225
75223
75220
75197
75192
75191
75186
75185
75176
75167
75160
75157
75157
75157
75155
75150
75149
75145
75143
75136
75130
75126
75125
75122
75095
75062
75060
75048
75046
75043
75031
75023
75020
74998
74975
74973
74953
74943
74892
74888
74880
74879
74840
74836
74820
74814
74799
74757
74744
74715
74710
74698
74693
74680
74649
74647
74635
74626
74620
74618
74611
74590
74588
74585
74585
74578
74571
74567
74565
74559
74540
74524
74493
74492
74483
74469
74450
74441
74439
74434
74407
74402
74381
74366
74351
74340
74340
74337
74328
74325
74321
74302
74292
74288
74248
74241
74218
74212
74195
74188
74169
74162
74160
74149
74148
74145
74140
74133
74127
74117
74114
74103
74103
74086
74077
74073
74072
74066
74062
74054
74052
74040
74038
74022
74018
74008
73998
73992
73975
73953
73942
73939
73935
73923
73923
73909
73890
73884
73882
73876
73873
73850
73845
73836
73836
73822
73816
73810
73801
73796
73795
73775
73767
73762
73757
73737
73731
73726
73709
73703
73698
73688
73669
73661
73655
73647
73646
73632
73619
73616
73610
73601
73591
73577
73569
73557
73556
73538
73535
73532
73518
73509
73497
73480
73477
73474
73460
73436
73417
73407
73397
73390
73377
73341
73333
73332
73324
73310
73304
73291
73271
73208
73201
73184
73180
73155
73144
73133
73120
73065
73048
73045
73038
73028
73010
73010
73008
72981
72959
72946
72921
72920
72917
72860
72858
72851
72848
72838
72820
72814
72811
72810
72808
72807
72800
72799
72798
72786
72780
72762
72726
72723
72714
72710
72706
72701
72686
72681
72678
72670
72668
72660
72655
72652
72628
72623
72621
72601
72588
72584
72581
72575
72563
72546
72541
72541
72524
72522
72505
72504
72500
72496
72479
72474
72473
72447
72418
72405
72403
72399
72391
72382
72379
72370
72366
72346
72343
72329
72301
72296
72294
72264
72264
72257
72255
72252
72249
72243
72241
72231
72221
72209
72191
72191
72172
72159
72149
72137
72107
72086
72075
72068
72050
72046
72038
72016
72012
71998
71981
71977
71974
71970
71962
71951
71950
71941
71935
71934
71929
71927
71915
71909
71906
71903
71894
71889
71887
71882
71879
71878
71872
71859
71858
71857
71849
71849
71828
71811
71790
71787
71767
71745
71739
71727
71680
71680
71659
71655
71623
71621
71611
71559
71546
71541
71534
71529
71518
71482
71475
71465
71462
71462
71451
71447
71421
71420
71394
71388
71370
71358
71352
71343
71329
71319
71304
71292
71275
71271
71257
71251
71251
71251
71243
71234
71217
71216
71215
71201
71199
71186
71185
71177
71165
71163
71150
71147
71120
71114
71107
71087
71078
71078
71067
71058
71054
71051
71046
71035
71025
71021
71006
71005
71001
70986
70985
70956
70903
70893
70888
70884
70878
70875
70874
70874
70862
70857
70819
70817
70804
70804
70803
70803
70787
70765
70756
70754
70752
70748
70747
70737
70727
70687
70683
70681
70672
70663
70662
70657
70657
70654
70636
70618
70607
70595
70589
70583
70581
70575
70527
70521
70519
70512
70502
70498
70494
70493
70491
70484
70467
70447
70436
70422
70419
70409
70408
70404
70399
70397
70390
70372
70362
70355
70351
70346
70343
70334
70333
70332
70326
70324
70299
70269
70260
70256
70243
70242
70228
70218
70207
70205
70171
70169
70144
70110
70094
70073
70064
70062
70057
70050
70017
69979
69975
69963
69958
69955
69932
69929
69905
69900
69900
69898
69888
69877
69875
69872
69856
69844
69801
69786
69778
69769
69765
69763
69763
69757
69746
69714
69699
69692
69681
69676
69665
69652
69638
69626
69622
69597
69594
69589
69579
69573
69566
69561
69549
69549
69541
69494
69460
69455
69451
69445
69444
69440
69437
69435
69435
69425
69417
69413
69411
69393
69383
69378
69367
69357
69338
69305
69302
69263
69262
69258
69251
69235
69222
69217
69212
69211
69197
69187
69172
69163
69143
69137
69131
69122
69120
69106
69100
69086
69081
69081
69077
69057
69046
69043
69034
69034
69008
69004
69003
68993
68946
68924
68917
68905
68898
68892
68891
68885
68881
68875
68851
68847
68825
68819
68816
68792
68790
68784
68781
68768
68761
68748
68732
68731
68726
68726
68719
68716
68715
68709
68705
68684
68684
68653
68631
68621
68607
68597
68595
68593
68581
68575
68562
68550
68549
68547
68538
68508
68502
68499
68493
68471
68465
68461
68457
68448
68416
68408
68407
68405
68387
68368
68368
68363
68346
68337
68334
68334
68327
68311
68305
68305
68277
68271
68251
68247
68239
68202
68183
68182
68166
68157
68157
68152
68146
68138
68135
68125
68108
68096
68081
68077
68059
68055
68039
68037
68029
68020
68007
68003
68001
68000
67998
67994
67992
67979
67978
67977
67973
67956
67953
67953
67937
67926
67923
67902
67901
67888
67854
67853
67839
67827
67820
67815
67804
67782
67764
67763
67759
67750
67746
67738
67732
67729
67723
67711
67711
67709
67689
67686
67685
67682
67667
67662
67659
67645
67619
67619
67616
67608
67597
67588
67587
67558
67520
67513
67509
67484
67477
67477
67461
67461
67444
67406
67404
67393
67386
67383
67383
67351
67335
67331
67330
67323
67297
67295
67294
67289
67280
67261
67246
67246
67244
67228
67226
67221
67215
67210
67209
67208
67194
67188
67186
67178
67164
67152
67146
67107
67096
67091
67082
67074
67069
67062
67052
67041
67039
67017
67007
67004
66995
66995
66979
66967
66960
66957
66944
66939
66929
66929
66914
66880
66865
66853
66839
66826
66800
66796
66787
66786
66769
66768
66762
66759
66755
66752
66744
66744
66740
66735
66735
66723
66706
66705
66703
66688
66684
66667
66661
66654
66650
66636
66633
66631
66626
66623
66619
66619
66606
66582
66577
66576
66575
66566
66558
66510
66505
66488
66488
66483
66457
66449
66433
66418
66412
66400
66399
66398
66390
66389
66379
66360
66357
66354
66351
66328
66326
66319
66309
66307
66300
66298
66292
66282
66265
66244
66226
66222
66216
66183
66175
66175
66168
66164
66164
66154
66149
66113
66092
66060
66047
66043
66006
66001
66000
65993
65989
65982
65949
65900
65868
65862
65857
65793
65783
65775
65761
65750
65739
65723
65712
65703
65698
65675
65641
65640
65609
65598
65591
65579
65573
65557
65554
65539
65538
65537
65536
65531
65531
65527
65513
65513
65512
65495
65492
65479
65474
65472
65455
65438
65434
65420
65408
65403
65397
65390
65377
65375
65352
65339
65337
65332
65325
65322
65321
65315
65269
65267
65262
65258
65256
65249
65242
65237
65235
65231
65215
65207
65203
65202
65192
65187
65172
65170
65167
65164
65155
65141
65134
65109
65091
65087
65078
65077
65057
65049
65041
65029
65023
64999
64997
64996
64989
64982
64943
64936
64930
64927
64922
64920
64917
64912
64911
64903
64898
64884
64874
64874
64869
64863
64849
64825
64819
64818
64811
64796
64770
64750
64747
64723
64695
64692
64685
64646
64639
64634
64592
64587
64584
64581
64567
64543
64537
64531
64527
64525
64507
64499
64495
64495
64484
64478
64468
64464
64448
64441
64435
64431
64429
64421
64413
64413
64411
64404
64365
64350
64349
64322
64321
64319
64318
64288
64285
64270
64269
64260
64255
64253
64243
64243
64229
64222
64217
64192
64181
64180
64140
64096
64088
64079
64075
64053
64047
64046
64028
64022
64015
63990
63984
63984
63958
63907
63906
63874
63872
63860
63848
63846
63845
63837
63836
63821
63819
63818
63800
63796
63783
63772
63762
63754
63740
63738
63733
63725
63715
63705
63702
63698
63678
63670
63668
63642
63640
63636
63612
63611
63599
63581
63579
63575
63569
63548
63545
63539
63539
63533
63527
63517
63507
63506
63500
63498
63485
63470
63470
63454
63443
63427
63414
63410
63396
63392
63389
63369
63368
63368
63355
63352
63340
63340
63338
63330
63314
63312
63301
63283
63281
63279
63275
63267
63262
63259
63217
63197
63195
63191
63183
63178
63173
63169
63145
63137
63134
63114
63099
63082
63077
63073
63071
63064
63058
63053
63047
63036
63031
63027
63014
63005
62984
62979
62975
62960
62942
62934
62925
62924
62910
62885
62884
62881
62880
62868
62863
62860
62846
62804
62791
62777
62764
62723
62713
62701
62696
62689
62676
62655
62647
62646
62645
62640
62624
62615
62604
62602
62590
62583
62582
62582
62517
62504
62492
62490
62441
62434
62424
62416
62385
62379
62371
62352
62328
62327
62322
62253
62251
62240
62236
62235
62228
62226
62219
62205
62204
62191
62183
62175
62161
62152
62150
62149
62142
62138
62109
62101
62097
62086
62072
62059
62053
62047
62030
62027
62007
61993
61953
61952
61937
61920
61911
61882
61862
61856
61854
61847
61832
61820
61815
61815
61796
61794
61793
61786
61749
61746
61738
61729
61715
61690
61659
61657
61645
61630
61628
61575
61573
61566
61564
61559
61558
61555
61553
61550
61535
61523
61493
61487
61481
61465
61456
61449
61442
61440
61398
61376
61374
61357
61349
61313
61309
61307
61307
61303
61266
61262
61253
61244
61242
61209
61191
61157
61156
61139
61136
61128
61127
61127
61110
61106
61103
61099
61087
61085
61063
61048
61031
61016
61002
60998
60993
60960
60957
60941
60920
60898
60897
60888
60887
60878
60875
60852
60828
60793
60775
60766
60744
60740
60731
60731
60723
60716
60698
60665
60657
60638
60632
60629
60624
60610
60582
60572
60567
60559
60546
60542
60529
60523
60510
60491
60450
60438
60436
60435
60428
60408
60394
60384
60375
60343
60331
60328
60320
60311
60300
60295
60295
60293
60292
60292
60290
60281
60279
60266
60261
60249
60237
60234
60216
60206
60200
60195
60195
60193
60186
60181
60171
60147
60145
60139
60131
60116
60113
60109
60095
60084
60065
60054
60052
60050
60047
60039
60026
60021
60007
60006
59993
59988
59979
59959
59950
59924
59915
59915
59909
59885
59854
59847
59844
59834
59833
59811
59784
59753
59748
59746
59743
59721
59719
59716
59697
59695
59692
59690
59685
59685
59634
59628
59625
59606
59598
59594
59581
59573
59569
59558
59555
59554
59549
59548
59546
59546
59511
59503
59492
59461
59449
59431
59422
59421
59402
59393
59378
59364
59351
59347
59332
59329
59312
59311
59311
59299
59271
59257
59247
59240
59230
59227
59220
59213
59211
59208
59197
59194
59193
59183
59160
59126
59121
59100
59076
59072
59070
59050
59046
59037
59033
59028
59026
59005
58996
58991
58988
58980
58964
58963
58963
58941
58934
58914
58912
58906
58896
58882
58865
58853
58848
58841
58839
58833
58810
58796
58787
58774
58769
58762
58758
58748
58742
58729
58718
58713
58712
58704
58704
58686
58655
58649
58642
58637
58635
58635
58621
58610
58608
58604
58600
58588
58556
58556
58540
58534
58516
58507
58490
58478
58475
58433
58429
58407
58406
58403
58402
58391
58386
58369
58367
58361
58330
58310
58276
58273
58267
58244
58234
58173
58160
58150
58136
58130
58129
58128
58120
58108
58096
58095
58093
58092
58091
58086
58083
58077
58063
58062
58051
58050
58048
58042
58003
57999
57995
57993
57983
57983
57968
57962
57951
57938
57901
57901
57895
57892
57865
57864
57863
57863
57860
57859
57854
57852
57850
57848
57832
57815
57813
57791
57764
57760
57760
57744
57743
57702
57686
57680
57666
57657
57649
57643
57638
57617
57616
57614
57604
57601
57580
57574
57556
57551
57526
57521
57521
57507
57505
57502
57492
57487
57480
57455
57448
57439
57430
57428
57415
57413
57409
57407
57392
57387
57382
57367
57342
57341
57330
57326
57314
57310
57304
57271
57265
57252
57250
57250
57249
57248
57241
57240
57237
57235
57201
57196
57161
57154
57147
57146
57117
57104
57103
57083
57074
57073
57070
57053
57047
57041
57039
57032
57030
57030
57028
57028
57027
57021
57015
57007
57002
56996
56995
56994
56989
56984
56972
56966
56957
56947
56919
56916
56913
56904
56894
56891
56887
56884
56874
56871
56869
56865
56863
56859
56845
56840
56835
56825
56820
56819
56818
56781
56772
56766
56757
56751
56739
56698
56681
56680
56671
56663
56662
56650
56642
56640
56636
56631
56618
56609
56580
56566
56560
56552
56543
56539
56515
56512
56498
56495
56494
56467
56454
56446
56444
56441
56438
56425
56394
56390
56385
56357
56343
56340
56331
56327
56315
56313
56292
56287
56284
56277
56272
56269
56251
56242
56232
56223
56222
56219
56211
56206
56198
56191
56187
56172
56167
56159
56156
56147
56146
56144
56132
56117
56117
56112
56109
56088
56087
56077
56068
56064
56053
56051
56050
56039
56034
56032
56028
56027
56010
55998
55995
55988
55985
55985
55983
55980
55972
55972
55965
55958
55953
55929
55927
55919
55918
55914
55913
55902
55892
55844
55813
55806
55798
55796
55792
55790
55786
55769
55742
55724
55709
55706
55681
55672
55667
55665
55654
55621
55620
55604
55598
55592
55590
55557
55545
55522
55516
55515
55508
55503
55475
55464
55434
55431
55427
55425
55420
55413
55401
55400
55389
55383
55377
55369
55367
55363
55363
55339
55335
55332
55332
55316
55316
55313
55296
55289
55282
55265
55261
55244
55239
55219
55197
55185
55176
55168
55161
55141
55128
55105
55104
55100
55084
55060
55057
55050
55049
55026
55008
54982
54973
54964
54956
54940
54937
54935
54933
54932
54925
54921
54901
54894
54860
54855
54837
54831
54793
54787
54774
54768
54762
54761
54749
54744
54728
54723
54719
54692
54676
54651
54643
54641
54621
54616
54613
54611
54602
54561
54551
54550
54548
54547
54545
54544
54539
54537
54532
54530
54526
54517
54517
54516
54496
54475
54473
54469
54463
54453
54422
54416
54411
54400
54389
54389
54388
54386
54367
54358
54352
54334
54330
54330
54326
54325
54299
54295
54280
54279
54262
54249
54243
54225
54206
54205
54205
54198
54179
54157
54147
54146
54141
54125
54122
54116
54115
54105
54101
54101
54084
54080
54080
54073
54063
54060
54050
54032
54021
53977
53965
53951
53933
53914
53911
53864
53846
53832
53791
53779
53750
53743
53736
53714
53692
53691
53662
53661
53660
53635
53634
53614
53603
53601
53584
53579
53573
53572
53564
53558
53529
53512
53497
53471
53451
53442
53434
53400
53392
53391
53389
53388
53379
53373
53373
53344
53341
53334
53333
53315
53314
53303
53300
53294
53282
53271
53252
53244
53235
53221
53218
53214
53201
53199
53199
53195
53190
53183
53175
53169
53166
53164
53143
53133
53129
53112
53101
53101
53082
53065
53060
53043
53027
53021
53017
53015
53002
53002
52999
52996
52969
52966
52965
52954
52939
52924
52906
52900
52889
52884
52881
52875
52862
52852
52830
52814
52802
52785
52773
52766
52764
52757
52744
52737
52736
52727
52718
52694
52688
52662
52644
52642
52612
52612
52587
52586
52584
52574
52540
52539
52531
52507
52501
52499
52459
52455
52442
52441
52423
52423
52416
52399
52398
52394
52383
52380
52349
52323
52317
52313
52297
52295
52273
52269
52267
52263
52231
52212
52189
52176
52173
52153
52148
52130
52128
52125
52124
52112
52102
52100
52083
52071
52062
52053
52048
52047
52044
52042
52034
52026
51995
51971
51965
51951
51949
51924
51897
51886
51883
51872
51864
51863
51862
51860
51836
51816
51813
51800
51780
51752
51751
51743
51736
51724
51723
51715
51700
51698
51697
51692
51680
51670
51650
51640
51627
51623
51608
51605
51599
51598
51571
51554
51550
51543
51532
51523
51509
51506
51492
51473
51461
51432
51404
51392
51392
51380
51371
51356
51341
51335
51332
51326
51322
51316
51312
51293
51288
51220
51206
51179
51177
51157
51144
51144
51090
51089
51083
51075
51071
51047
51042
51040
51014
51014
51010
51008
51000
50991
50983
50970
50959
50958
50942
50941
50940
50926
50920
50919
50907
50881
50878
50869
50864
50832
50826
50823
50820
50820
50814
50809
50799
50769
50729
50728
50715
50695
50691
50654
50644
50631
50622
50616
50596
50596
50563
50555
50531
50509
50490
50489
50480
50476
50464
50463
50463
50462
50444
50406
50400
50396
50388
50382
50373
50370
50361
50359
50351
50346
50340
50328
50304
50301
50273
50253
50242
50207
50194
50192
50176
50164
50161
50139
50119
50116
50110
50106
50097
50088
50084
50082
50076
50061
50053
50052
50045
50043
50029
50023
50012
50007
50006
49990
49989
49985
49982
49947
49930
49912
49906
49895
49886
49875
49852
49850
49836
49830
49830
49809
49806
49802
49785
49779
49750
49713
49685
49684
49680
49670
49667
49665
49639
49623
49611
49605
49599
49598
49595
49586
49548
49513
49498
49498
49482
49476
49450
49441
49440
49436
49428
49423
49417
49412
49410
49404
49404
49372
49361
49357
49333
49326
49320
49316
49316
49294
49286
49250
49250
49242
49226
49220
49219
49217
49216
49213
49212
49206
49197
49192
49174
49168
49164
49158
49155
49101
49099
49092
49091
49091
49086
49075
49075
49071
49068
49059
49036
49035
49031
49006
49003
48992
48976
48975
48963
48938
48918
48916
48908
48907
48902
48896
48896
48848
48846
48842
48827
48824
48820
48806
48802
48797
48785
48779
48764
48759
48748
48747
48735
48730
48724
48721
48700
48685
48665
48658
48641
48636
48619
48611
48598
48580
48571
48554
48550
48549
48531
48524
48520
48494
48492
48487
48450
48448
48445
48432
48409
48406
48384
48378
48372
48361
48360
48319
48293
48291
48290
48284
48279
48277
48270
48269
48266
48234
48229
48217
48210
48206
48188
48169
48158
48154
48139
48113
48093
48086
48068
48064
48050
48047
48046
48040
48038
48033
48030
48019
48017
48011
48005
48000
47960
47952
47927
47927
47897
47872
47868
47848
47838
47833
47828
47820
47812
47807
47804
47801
47796
47770
47754
47750
47746
47736
47725
47716
47712
47699
47693
47688
47686
47672
47668
47658
47655
47637
47613
47604
47596
47588
47582
47557
47548
47529
47519
47514
47484
47482
47473
47461
47458
47454
47445
47429
47415
47370
47342
47334
47328
47326
47318
47280
47273
47264
47247
47245
47240
47232
47225
47176
47164
47152
47151
47147
47125
47121
47119
47110
47107
47095
47081
47077
47074
47066
47062
47056
47044
47035
47021
46989
46982
46958
46952
46946
46920
46909
46907
46874
46874
46862
46853
46852
46822
46822
46812
46811
46807
46801
46786
46780
46776
46758
46752
46743
46736
46726
46702
46686
46685
46666
46663
46648
46631
46611
46596
46589
46588
46573
46546
46528
46516
46499
46495
46481
46480
46477
46475
46466
46456
46442
46435
46429
46426
46426
46422
46419
46400
46390
46382
46374
46357
46353
46340
46334
46333
46324
46323
46282
46278
46278
46257
46245
46233
46216
46212
46209
46204
46182
46174
46169
46138
46129
46121
46119
46113
46112
46080
46075
46072
46065
46056
46034
46030
46028
46013
46003
45989
45985
45978
45969
45952
45939
45937
45934
45919
45916
45913
45906
45889
45889
45889
45887
45872
45870
45867
45865
45849
45838
45835
45832
45830
45819
45807
45794
45793
45791
45783
45772
45771
45762
45756
45753
45745
45736
45726
45719
45713
45712
45678
45675
45658
45650
45641
45632
45630
45604
45598
45578
45577
45574
45564
45553
45542
45536
45528
45525
45516
45513
45513
45509
45491
45486
45483
45458
45448
45431
45428
45426
45422
45419
45406
45392
45387
45379
45357
45355
45335
45332
45323
45284
45282
45277
45270
45261
45255
45245
45220
45216
45207
45204
45182
45177
45168
45165
45133
45118
45115
45104
45102
45102
45095
45086
45085
45084
45081
45075
45061
45058
45047
45047
45043
45035
45008
45002
44965
44947
44938
44937
44937
44920
44917
44887
44882
44874
44869
44866
44859
44859
44846
44822
44817
44812
44796
44792
44779
44777
44772
44761
44756
44749
44747
44745
44735
44721
44720
44712
44707
44707
44704
44689
44665
44651
44643
44624
44610
44595
44590
44590
44544
44522
44521
44506
44490
44487
44486
44485
44482
44479
44473
44458
44456
44455
44453
44450
44439
44430
44425
44420
44399
44392
44389
44377
44361
44358
44350
44348
44334
44315
44305
44261
44251
44240
44239
44238
44229
44222
44213
44203
44176
44171
44171
44165
44163
44152
44135
44119
44108
44101
44095
44088
44045
44042
44007
43998
43962
43935
43930
43920
43919
43887
43881
43877
43875
43852
43851
43845
43831
43824
43819
43787
43778
43740
43736
43733
43728
43726
43723
43706
43701
43689
43687
43661
43646
43641
43624
43607
43596
43576
43541
43518
43515
43497
43491
43489
43473
43470
43466
43461
43441
43440
43423
43416
43415
43406
43403
43362
43352
43350
43350
43342
43339
43327
43308
43303
43300
43288
43286
43282
43277
43273
43264
43258
43255
43252
43252
43248
43224
43220
43214
43209
43208
43204
43202
43199
43189
43167
43160
43158
43154
43153
43141
43138
43099
43091
43089
43069
43060
43057
43049
43044
43024
43015
43005
43000
42997
42979
42977
42973
42967
42965
42959
42950
42949
42925
42915
42912
42899
42899
42879
42832
42813
42811
42811
42809
42803
42792
42784
42772
42768
42765
42720
42699
42687
42661
42642
42624
42600
42591
42591
42589
42589
42571
42559
42527
42485
42478
42477
42469
42458
42456
42450
42446
42430
42413
42384
42357
42333
42329
42325
42316
42314
42313
42310
42309
42241
42228
42227
42223
42222
42220
42190
42183
42168
42166
42125
42116
42101
42083
42083
42061
42060
42059
42058
42057
42054
42040
42040
42019
42006
41996
41984
41977
41964
41943
41936
41910
41909
41907
41905
41902
41899
41893
41889
41863
41863
41849
41832
41820
41811
41805
41802
41800
41783
41770
41765
41760
41747
41746
41732
41730
41693
41671
41669
41649
41648
41636
41615
41610
41594
41591
41587
41568
41561
41535
41533
41530
41527
41507
41505
41498
41497
41493
41488
41470
41467
41464
41461
41454
41449
41441
41437
41434
41423
41413
41406
41404
41396
41395
41386
41381
41373
41369
41359
41350
41348
41293
41282
41244
41240
41231
41226
41221
41213
41202
41181
41178
41169
41168
41168
41163
41157
41149
41148
41140
41129
41128
41117
41090
41090
41089
41084
41084
41026
41024
41024
41018
40997
40991
40987
40978
40967
40954
40953
40941
40941
40939
40926
40910
40889
40880
40866
40862
40849
40843
40839
40836
40830
40793
40792
40783
40783
40782
40728
40713
40693
40665
40664
40663
40652
40628
40628
40612
40597
40594
40584
40574
40571
40569
40565
40559
40557
40557
40556
40548
40539
40528
40526
40525
40522
40518
40517
40512
40508
40498
40480
40458
40457
40439
40436
40428
40425
40424
40423
40419
40407
40404
40395
40376
40372
40368
40348
40310
40309
40309
40306
40299
40286
40257
40242
40232
40229
40216
40213
40212
40196
40183
40181
40142
40138
40126
40093
40080
40078
40069
40046
40041
40029
40017
40017
40011
39993
39993
39989
39984
39982
39978
39963
39958
39951
39942
39940
39925
39907
39886
39881
39878
39877
39861
39856
39853
39840
39828
39814
39812
39809
39803
39802
39773
39766
39735
39734
39722
39706
39696
39696
39694
39683
39669
39652
39646
39634
39631
39618
39587
39576
39570
39570
39558
39536
39527
39505
39481
39478
39477
39448
39447
39441
39416
39400
39396
39392
39391
39389
39377
39374
39374
39369
39364
39361
39337
39323
39272
39229
39224
39212
39208
39193
39186
39185
39174
39173
39165
39140
39135
39125
39113
39105
39100
39082
39070
39067
39054
39029
39028
39021
39018
39011
39008
38999
38986
38977
38973
38951
38937
38933
38923
38921
38917
38916
38916
38915
38900
38887
38878
38876
38876
38875
38850
38841
38838
38835
38829
38827
38822
38821
38796
38781
38778
38770
38760
38745
38722
38721
38691
38670
38667
38659
38639
38628
38626
38621
38617
38614
38611
38605
38601
38591
38562
38558
38557
38539
38519
38518
38517
38517
38511
38508
38508
38489
38489
38481
38477
38470
38427
38370
38365
38359
38346
38338
38334
38326
38316
38287
38271
38212
38206
38203
38186
38184
38175
38166
38150
38143
38138
38131
38127
38126
38125
38116
38110
38100
38084
38082
38068
38067
38059
38046
38026
38023
38017
38010
37997
37969
37953
37951
37948
37944
37936
37927
37926
37917
37916
37896
37874
37855
37834
37832
37829
37816
37794
37789
37781
37779
37766
37747
37724
37708
37708
37688
37680
37676
37675
37672
37652
37640
37632
37631
37630
37628
37626
37619
37613
37601
37600
37595
37581
37542
37492
37489
37485
37478
37466
37458
37454
37438
37422
37414
37403
37403
37403
37390
37372
37370
37336
37332
37329
37327
37314
37312
37308
37303
37302
37296
37268
37265
37262
37239
37218
37214
37212
37207
37186
37164
37145
37136
37126
37123
37119
37107
37105
37093
37086
37077
37072
37064
37063
37054
37045
37040
37033
37016
37009
36985
36984
36942
36928
36927
36924
36906
36900
36893
36886
36885
36883
36873
36855
36853
36836
36836
36809
36800
36789
36777
36775
36773
36749
36740
36719
36705
36695
36682
36675
36651
36646
36645
36635
36634
36618
36615
36615
36611
36597
36588
36581
36577
36575
36571
36563
36549
36546
36537
36535
36531
36525
36489
36468
36447
36414
36398
36370
36359
36341
36338
36332
36332
36330
36328
36326
36298
36297
36297
36240
36217
36216
36208
36195
36191
36149
36107
36097
36096
36082
36071
36066
36066
36058
36055
36047
36026
36005
36002
35977
35925
35922
35920
35909
35847
35846
35833
35825
35819
35818
35816
35798
35794
35791
35784
35779
35774
35770
35757
35733
35728
35727
35720
35700
35700
35692
35687
35685
35680
35678
35673
35673
35658
35656
35625
35620
35620
35609
35594
35590
35589
35579
35564
35542
35541
35528
35516
35512
35505
35498
35496
35493
35483
35475
35472
35459
35453
35451
35422
35345
35333
35331
35327
35319
35296
35291
35283
35270
35266
35265
35234
35234
35208
35208
35208
35201
35200
35187
35185
35183
35177
35168
35159
35155
35140
35131
35131
35126
35119
35090
35089
35084
35082
35077
35051
35037
35020
34995
34972
34957
34954
34949
34934
34931
34931
34919
34918
34914
34910
34887
34871
34866
34864
34850
34845
34818
34800
34773
34766
34734
34709
34708
34706
34699
34695
34683
34669
34656
34617
34616
34612
34598
34576
34574
34557
34549
34547
34545
34543
34539
34526
34520
34518
34492
34490
34475
34473
34469
34450
34444
34443
34442
34440
34438
34425
34424
34414
34408
34405
34401
34400
34397
34390
34389
34380
34364
34355
34349
34344
34341
34338
34334
34324
34320
34317
34281
34264
34249
34246
34246
34238
34238
34236
34235
34229
34218
34215
34206
34184
34182
34180
34175
34174
34171
34171
34154
34152
34151
34146
34136
34127
34108
34106
34100
34079
34063
34049
34028
34024
33993
33977
33948
33941
33937
33934
33933
33929
33925
33925
33925
33905
33905
33879
33872
33868
33866
33862
33841
33835
33826
33822
33820
33811
33804
33793
33773
33759
33745
33744
33740
33740
33737
33735
33727
33717
33712
33705
33674
33668
33662
33648
33633
33618
33617
33615
33613
33595
33574
33565
33558
33537
33519
33512
33511
33502
33498
33495
33486
33479
33467
33453
33446
33424
33419
33388
33361
33316
33311
33308
33308
33295
33282
33281
33279
33279
33273
33272
33271
33271
33266
33256
33236
33235
33234
33224
33196
33184
33179
33178
33178
33177
33175
33164
33161
33142
33120
33120
33115
33108
33105
33098
33088
33079
33075
33054
33035
33035
33017
32997
32994
32994
32991
32984
32959
32950
32945
32943
32936
32929
32928
32902
32900
32894
32856
32854
32849
32831
32821
32815
32811
32805
32804
32802
32791
32785
32782
32775
32769
32767
32758
32755
32755
32750
32707
32706
32706
32701
32665
32665
32640
32630
32626
32619
32616
32613
32607
32578
32571
32553
32528
32524
32483
32470
32470
32439
32438
32402
32393
32390
32382
32373
32355
32336
32310
32305
32303
32269
32249
32243
32242
32232
32231
32228
32222
32196
32192
32171
32155
32148
32148
32145
32134
32133
32131
32129
32122
32098
32094
32091
32088
32087
32076
32062
32061
32056
32055
32051
32020
32016
32004
31981
31959
31959
31935
31926
31905
31892
31876
31859
31850
31848
31833
31831
31796
31773
31755
31746
31729
31725
31709
31697
31685
31670
31630
31620
31609
31601
31600
31598
31595
31591
31588
31583
31577
31566
31565
31553
31552
31534
31530
31516
31515
31511
31499
31495
31481
31463
31452
31449
31413
31401
31398
31392
31373
31372
31353
31330
31329
31325
31323
31322
31314
31310
31274
31258
31255
31253
31230
31215
31206
31166
31162
31149
31143
31140
31139
31131
31101
31093
31085
31070
31067
31065
31040
31036
31023
31020
31015
30990
30970
30950
30950
30942
30928
30920
30913
30894
30891
30890
30856
30853
30844
30839
30838
30837
30833
30833
30829
30822
30815
30809
30798
30796
30790
30789
30783
30777
30776
30774
30771
30765
30740
30737
30708
30691
30681
30649
30639
30625
30613
30609
30594
30592
30591
30587
30552
30551
30540
30530
30510
30498
30479
30462
30460
30459
30431
30416
30384
30374
30367
30365
30356
30340
30329
30314
30313
30303
30284
30284
30283
30280
30245
30237
30228
30227
30211
30210
30194
30186
30180
30165
30122
30103
30100
30092
30079
30075
30065
30064
30060
30057
30039
30037
30033
30026
30017
30013
30006
30001
29999
29997
29983
29972
29971
29939
29918
29878
29856
29847
29832
29824
29817
29793
29781
29773
29767
29756
29752
29740
29734
29730
29724
29707
29698
29677
29676
29647
29635
29620
29618
29604
29585
29564
29563
29559
29555
29550
29549
29539
29531
29518
29503
29488
29487
29481
29457
29454
29452
29443
29437
29432
29421
29380
29379
29373
29369
29352
29352
29345
29314
29304
29283
29281
29280
29278
29270
29230
29229
29228
29201
29195
29195
29162
29149
29139
29110
29107
29106
29101
29096
29095
29079
29061
29057
29047
29024
29022
29005
29004
28986
28976
28962
28961
28959
28946
28945
28940
28934
28933
28931
28905
28896
28889
28876
28862
28861
28853
28846
28821
28808
28803
28802
28801
28790
28780
28768
28752
28749
28745
28741
28740
28732
28709
28707
28701
28677
28667
28664
28661
28649
28645
28638
28637
28622
28618
28616
28610
28573
28565
28554
28537
28534
28529
28528
28518
28504
28491
28461
28452
28414
28412
28405
28403
28401
28400
28392
28332
28330
28312
28309
28304
28300
28295
28293
28285
28280
28280
28236
28219
28204
28195
28148
28137
28097
28097
28093
28082
28080
28079
28077
28072
28071
28041
28033
28026
28010
27995
27932
27914
27911
27908
27901
27894
27891
27889
27880
27861
27850
27849
27849
27806
27796
27779
27760
27757
27749
27743
27738
27736
27733
27730
27727
27726
27722
27716
27714
27697
27685
27666
27651
27651
27643
27620
27611
27607
27573
27571
27564
27553
27544
27543
27522
27518
27514
27481
27475
27475
27475
27469
27466
27466
27447
27441
27434
27428
27419
27408
27407
27399
27393
27377
27372
27365
27342
27341
27335
27319
27308
27307
27303
27297
27275
27261
27243
27230
27225
27211
27205
27196
27167
27142
27100
27066
27053
27045
27044
27039
27031
27018
27007
26995
26987
26984
26983
26977
26971
26970
26964
26946
26931
26930
26915
26907
26899
26897
26881
26881
26864
26861
26847
26842
26838
26835
26831
26810
26795
26774
26768
26765
26748
26740
26720
26706
26703
26664
26663
26659
26651
26649
26647
26642
26640
26621
26615
26614
26612
26605
26593
26591
26576
26573
26541
26536
26510
26505
26499
26472
26472
26463
26462
26452
26444
26437
26417
26410
26392
26387
26381
26379
26375
26374
26362
26344
26330
26325
26308
26285
26268
26267
26247
26238
26225
26189
26187
26181
26173
26163
26102
26096
26095
26084
26068
26045
26031
26005
25959
25956
25938
25932
25900
25895
25883
25876
25873
25868
25854
25826
25807
25803
25797
25774
25740
25727
25724
25724
25723
25718
25707
25691
25685
25680
25665
25664
25655
25640
25578
25572
25548
25547
25539
25506
25499
25493
25469
25459
25455
25446
25422
25420
25418
25415
25382
25375
25362
25358
25348
25347
25347
25327
25319
25299
25298
25291
25267
25266
25250
25228
25214
25204
25190
25186
25180
25176
25175
25172
25151
25146
25134
25126
25114
25099
25097
25087
25086
25077
25073
25071
25070
25055
25049
25049
25048
25039
25038
25033
25012
25004
25002
24987
24982
24975
24960
24943
24928
24920
24915
24896
24888
24887
24870
24861
24858
24856
24853
24845
24832
24812
24803
24789
24789
24780
24779
24777
24768
24753
24743
24724
24716
24713
24706
24702
24684
24680
24678
24678
24676
24672
24664
24654
24651
24646
24644
24641
24635
24571
24564
24544
24540
24529
24519
24485
24483
24463
24461
24458
24449
24442
24427
24406
24385
24373
24348
24329
24328
24320
24268
24267
24239
24221
24205
24192
24152
24137
24137
24130
24130
24126
24120
24109
24099
24078
24077
24074
24071
24066
24066
24056
24055
24052
24048
24040
24030
24025
24022
24019
24015
23999
23991
23986
23979
23976
23954
23953
23947
23941
23922
23896
23888
23864
23861
23857
23846
23819
23811
23806
23797
23796
23793
23788
23775
23762
23740
23736
23724
23718
23698
23640
23632
23624
23608
23605
23599
23573
23568
23563
23562
23554
23537
23517
23515
23504
23501
23493
23472
23470
23446
23445
23444
23435
23412
23407
23395
23380
23375
23366
23356
23349
23334
23330
23329
23328
23324
23322
23322
23321
23300
23294
23262
23262
23243
23241
23235
23233
23217
23191
23178
23168
23157
23153
23143
23141
23113
23105
23103
23096
23088
23083
23064
23061
23047
23003
22983
22975
22969
22966
22960
22948
22947
22946
22932
22924
22918
22908
22908
22904
22881
22881
22867
22862
22842
22835
22784
22784
22776
22776
22773
22770
22767
22766
22763
22763
22757
22734
22726
22708
22696
22693
22692
22690
22668
22667
22664
22661
22650
22642
22638
22615
22615
22610
22607
22597
22588
22587
22582
22581
22580
22574
22563
22555
22537
22529
22516
22512
22502
22484
22477
22476
22465
22464
22459
22447
22443
22438
22436
22405
22400
22395
22392
22376
22356
22345
22337
22334
22330
22318
22312
22299
22286
22279
22278
22278
22277
22274
22243
22241
22230
22225
22219
22215
22210
22199
22193
22182
22178
22170
22163
22144
22139
22127
22111
22102
22088
22087
22083
22072
22053
22000
22000
21996
21984
21970
21962
21958
21954
21947
21928
21921
21902
21894
21891
21890
21888
21877
21864
21850
21848
21832
21809
21771
21770
21765
21762
21762
21751
21747
21746
21744
21740
21722
21719
21714
21697
21694
21689
21681
21681
21676
21654
21651
21633
21633
21631
21619
21617
21616
21611
21600
21577
21572
21572
21570
21568
21555
21545
21514
21512
21504
21496
21492
21475
21471
21444
21405
21379
21368
21361
21352
21348
21342
21340
21333
21313
21312
21299
21296
21296
21280
21278
21275
21268
21266
21254
21253
21248
21242
21228
21220
21210
21206
21205
21197
21196
21161
21160
21135
21119
21093
21081
21079
21078
21075
21054
21052
21052
21050
21046
21040
21016
21004
21001
21000
20986
20977
20930
20923
20913
20901
20881
20834
20831
20830
20820
20820
20817
20816
20813
20811
20790
20742
20721
20712
20706
20703
20696
20668
20668
20667
20667
20663
20649
20634
20633
20632
20630
20630
20629
20625
20622
20618
20606
20587
20541
20536
20533
20514
20505
20499
20487
20481
20457
20450
20436
20414
20412
20411
20410
20404
20391
20391
20381
20372
20361
20354
20352
20350
20339
20333
20327
20326
20325
20322
20294
20281
20272
20251
20249
20237
20237
20236
20217
20212
20197
20190
20189
20188
20173
20172
20169
20156
20152
20147
20142
20127
20126
20113
20113
20105
20083
20080
20075
20068
20059
20055
20022
20011
20008
20007
19991
19986
19981
19956
19952
19951
19949
19948
19945
19941
19941
19935
19926
19923
19912
19876
19864
19862
19857
19854
19852
19846
19843
19841
19837
19836
19829
19823
19802
19785
19785
19782
19778
19768
19768
19754
19748
19748
19742
19739
19737
19731
19724
19703
19687
19670
19655
19653
19648
19645
19637
19635
19632
19625
19615
19606
19599
19589
19588
19585
19557
19532
19515
19502
19501
19474
19461
19459
19445
19438
19435
19427
19426
19416
19398
19392
19331
19330
19304
19300
19295
19294
19276
19264
19250
19237
19235
19223
19216
19205
19182
19147
19140
19136
19131
19118
19112
19081
19064
19057
19049
18970
18970
18959
18958
18943
18936
18920
18907
18907
18885
18881
18880
18873
18852
18852
18849
18845
18838
18818
18800
18796
18793
18788
18781
18757
18748
18741
18715
18714
18712
18689
18682
18678
18673
18670
18657
18654
18646
18633
18629
18595
18587
18578
18560
18552
18533
18521
18502
18495
18491
18475
18461
18459
18454
18451
18446
18442
18419
18407
18396
18393
18384
18373
18365
18364
18360
18354
18338
18322
18292
18281
18269
18251
18250
18249
18215
18201
18177
18141
18134
18116
18111
18107
18101
18100
18086
18080
18061
18055
18051
18051
18042
17998
17994
17955
17942
17927
17926
17921
17910
17906
17894
17891
17881
17876
17875
17873
17844
17840
17840
17829
17824
17821
17796
17789
17783
17780
17773
17761
17758
17753
17748
17748
17733
17697
17693
17693
17690
17685
17672
17671
17657
17654
17638
17621
17601
17597
17556
17497
17486
17444
17442
17442
17432
17429
17427
17411
17369
17351
17341
17332
17329
17314
17293
17274
17267
17260
17257
17255
17253
17243
17227
17227
17208
17203
17201
17200
17171
17168
17160
17149
17139
17131
17127
17122
17111
17098
17091
17079
17077
17072
17045
17041
17037
17023
17016
17010
17001
17000
16997
16979
16962
16952
16938
16930
16886
16884
16864
16858
16831
16831
16825
16819
16817
16805
16800
16788
16788
16783
16764
16744
16730
16726
16724
16722
16709
16707
16697
16697
16696
16685
16669
16663
16657
16654
16648
16637
16617
16610
16577
16567
16560
16559
16547
16534
16522
16509
16497
16489
16478
16443
16442
16436
16431
16430
16411
16402
16397
16389
16386
16360
16359
16354
16342
16326
16316
16297
16285
16283
16268
16264
16260
16255
16242
16236
16234
16222
16206
16195
16182
16169
16152
16149
16137
16124
16116
16110
16108
16108
16091
16052
16049
16049
16045
16040
16038
16032
16031
16026
16020
16005
15999
15971
15970
15970
15970
15965
15955
15946
15916
15904
15897
15896
15890
15889
15875
15852
15846
15816
15800
15771
15763
15761
15754
15727
15700
15682
15670
15661
15658
15647
15634
15620
15608
15604
15579
15578
15553
15552
15526
15522
15517
15511
15487
15474
15455
15451
15426
15420
15382
15357
15342
15341
15337
15321
15318
15305
15295
15280
15279
15277
15273
15265
15254
15237
15236
15223
15204
15197
15197
15193
15192
15184
15176
15172
15163
15155
15143
15130
15112
15105
15104
15097
15095
15095
15090
15057
15051
15048
15037
15029
15023
15017
14996
14981
14972
14967
14959
14939
14937
14930
14926
14920
14912
14897
14896
14892
14890
14887
14886
14877
14874
14843
14842
14838
14836
14836
14829
14813
14809
14776
14769
14767
14766
14763
14760
14751
14744
14734
14707
14704
14702
14696
14684
14678
14641
14637
14608
14583
14580
14572
14568
14541
14535
14509
14483
14482
14477
14472
14453
14448
14446
14416
14413
14334
14323
14311
14299
14284
14277
14263
14258
14237
14231
14220
14207
14185
14183
14173
14125
14121
14106
14105
14102
14090
14070
14068
14052
14048
14022
14018
14012
14010
13988
13969
13959
13953
13950
13947
13939
13934
13928
13924
13922
13914
13914
13905
13904
13891
13888
13887
13880
13861
13860
13859
13855
13852
13848
13844
13831
13831
13829
13792
13790
13788
13785
13778
13773
13769
13767
13750
13707
13706
13679
13677
13646
13634
13627
13624
13616
13615
13609
13599
13594
13574
13570
13566
13563
13559
13555
13545
13541
13539
13537
13534
13532
13532
13522
13488
13476
13474
13468
13454
13449
13435
13433
13432
13431
13428
13427
13426
13413
13409
13408
13401
13395
13394
13391
13388
13332
13327
13322
13321
13315
13292
13291
13288
13284
13281
13272
13268
13265
13259
13251
13212
13194
13187
13186
13186
13106
13102
13101
13089
13065
13065
13065
13064
13058
13038
13028
13024
13021
13021
13012
13005
12971
12964
12963
12960
12955
12954
12952
12932
12928
12927
12910
12902
12891
12887
12884
12867
12847
12846
12841
12836
12832
12832
12830
12827
12824
12809
12808
12791
12790
12785
12774
12771
12756
12754
12754
12753
12746
12745
12740
12720
12708
12707
12701
12671
12667
12646
12627
12620
12614
12613
12598
12582
12569
12555
12547
12536
12530
12523
12522
12502
12499
12489
12465
12464
12456
12436
12432
12426
12423
12420
12407
12403
12401
12390
12351
12351
12350
12325
12323
12296
12250
12247
12241
12233
12189
12171
12169
12159
12151
12131
12123
12105
12094
12085
12062
12049
12044
12041
12040
12040
12006
12004
11997
11982
11967
11953
11952
11945
11934
11918
11916
11889
11863
11830
11821
11820
11811
11798
11791
11788
11786
11769
11765
11759
11756
11748
11735
11731
11721
11695
11691
11670
11667
11663
11658
11656
11655
11647
11647
11643
11639
11633
11631
11621
11596
11584
11572
11566
11563
11563
11549
11542
11535
11508
11500
11495
11486
11482
11480
11475
11474
11463
11458
11457
11456
11449
11427
11423
11417
11402
11389
11372
11357
11290
11289
11266
11264
11251
11243
11213
11212
11201
11186
11162
11146
11142
11118
11109
11082
11082
11058
11057
11054
11045
10994
10986
10981
10974
10970
10963
10960
10952
10951
10950
10945
10945
10943
10932
10916
10906
10901
10899
10899
10894
10892
10887
10886
10884
10879
10875
10872
10863
10859
10833
10826
10808
10796
10791
10791
10790
10790
10782
10780
10778
10775
10774
10754
10745
10741
10738
10737
10729
10706
10704
10702
10686
10685
10675
10673
10670
10663
10629
10629
10622
10620
10615
10612
10596
10585
10542
10491
10475
10471
10467
10467
10461
10454
10453
10448
10448
10427
10421
10416
10412
10409
10405
10399
10398
10396
10394
10389
10378
10374
10365
10360
10341
10339
10336
10335
10324
10323
10322
10308
10305
10293
10290
10289
10287
10282
10281
10260
10252
10238
10232
10221
10220
10218
10199
10164
10159
10141
10130
10124
10121
10117
10077
10076
10066
10059
10057
10052
10050
10048
10035
9991
9964
9955
9936
9935
9913
9909
9903
9902
9891
9880
9862
9850
9849
9842
9836
9833
9819
9793
9783
9762
9731
9701
9696
9692
9684
9679
9677
9667
9617
9612
9609
9605
9596
9587
9587
9579
9573
9570
9568
9539
9517
9516
9515
9508
9502
9500
9497
9488
9485
9479
9465
9442
9437
9434
9416
9394
9366
9358
9357
9343
9341
9323
9322
9310
9263
9263
9242
9238
9232
9231
9203
9201
9199
9184
9183
9176
9161
9158
9156
9153
9149
9142
9117
9105
9089
9062
9061
9054
9045
9039
9004
8982
8956
8952
8947
8946
8933
8931
8918
8917
8905
8896
8874
8848
8844
8828
8824
8817
8816
8798
8796
8784
8776
8775
8765
8759
8745
8744
8739
8739
8737
8735
8733
8689
8682
8682
8676
8669
8666
8666
8655
8651
8651
8635
8617
8610
8609
8589
8585
8583
8577
8567
8564
8563
8547
8541
8525
8519
8515
8492
8485
8479
8477
8469
8462
8461
8447
8447
8435
8422
8412
8410
8408
8406
8366
8366
8363
8357
8350
8332
8326
8298
8296
8294
8280
8271
8255
8249
8233
8229
8216
8214
8206
8200
8181
8178
8177
8167
8161
8157
8146
8134
8133
8120
8118
8114
8105
8083
8079
8078
8059
8036
8023
8017
8016
8014
8010
7988
7975
7971
7963
7963
7950
7940
7935
7930
7923
7912
7909
7894
7880
7867
7866
7856
7856
7851
7824
7816
7781
7767
7765
7753
7752
7749
7741
7738
7734
7724
7717
7710
7707
7703
7696
7693
7683
7680
7679
7672
7667
7667
7660
7656
7653
7644
7636
7633
7632
7615
7606
7600
7584
7581
7559
7529
7522
7515
7487
7484
7470
7461
7454
7421
7409
7397
7365
7364
7353
7351
7346
7339
7319
7310
7276
7258
7239
7238
7227
7222
7192
7190
7185
7181
7177
7170
7153
7125
7111
7110
7079
7072
7048
7040
7039
7038
7024
7023
7023
7022
6997
6988
6986
6973
6970
6953
6944
6933
6910
6897
6896
6892
6886
6877
6875
6875
6861
6861
6857
6852
6849
6834
6829
6827
6825
6824
6821
6800
6799
6794
6760
6754
6752
6744
6738
6724
6713
6703
6637
6612
6604
6599
6594
6522
6515
6493
6438
6412
6367
6365
6364
6341
6333
6331
6325
6315
6314
6306
6304
6295
6274
6274
6271
6257
6221
6208
6202
6189
6184
6183
6160
6158
6147
6146
6146
6144
6129
6128
6101
6099
6092
6087
6079
6056
6021
6019
5997
5989
5989
5972
5969
5962
5951
5933
5931
5930
5926
5912
5910
5910
5905
5904
5894
5882
5853
5841
5821
5814
5803
5802
5789
5789
5773
5763
5710
5693
5684
5679
5676
5671
5634
5634
5628
5616
5614
5610
5605
5601
5578
5558
5556
5541
5513
5509
5505
5504
5494
5434
5423
5410
5400
5399
5384
5361
5361
5358
5357
5356
5347
5339
5337
5324
5309
5306
5286
5270
5266
5250
5241
5237
5225
5221
5218
5208
5198
5177
5175
5163
5155
5130
5122
5122
5101
5075
5068
5029
5020
5014
5004
4985
4977
4970
4960
4960
4920
4913
4907
4877
4871
4837
4832
4827
4821
4813
4805
4799
4798
4790
4790
4728
4724
4710
4705
4699
4691
4679
4678
4677
4674
4664
4653
4651
4646
4636
4626
4625
4614
4609
4601
4584
4583
4583
4580
4574
4566
4537
4524
4518
4517
4510
4503
4476
4474
4467
4464
4462
4457
4453
4450
4444
4417
4416
4403
4392
4380
4358
4353
4318
4314
4308
4303
4301
4298
4297
4293
4290
4267
4255
4251
4248
4225
4211
4201
4189
4186
4177
4160
4148
4140
4140
4136
4131
4120
4110
4104
4102
4097
4084
4073
4073
4063
4047
4041
4040
4035
4034
4027
4026
4019
4010
4008
4002
4000
3978
3967
3963
3953
3938
3938
3921
3920
3917
3915
3888
3867
3858
3841
3838
3837
3835
3824
3820
3819
3807
3806
3797
3778
3775
3732
3728
3717
3716
3678
3676
3666
3658
3634
3626
3626
3623
3614
3614
3611
3591
3588
3585
3577
3575
3566
3535
3521
3521
3512
3510
3509
3500
3483
3481
3471
3470
3468
3461
3442
3437
3416
3391
3390
3377
3376
3365
3358
3348
3348
3344
3342
3331
3322
3295
3288
3282
3266
3248
3238
3236
3219
3217
3215
3181
3173
3149
3138
3134
3120
3115
3111
3091
3079
3061
3045
3038
2982
2978
2971
2968
2949
2941
2939
2923
2918
2913
2905
2888
2880
2855
2854
2850
2824
2815
2812
2793
2791
2788
2781
2781
2773
2769
2757
2744
2742
2733
2711
2710
2681
2664
2638
2635
2634
2633
2609
2603
2596
2586
2579
2568
2545
2523
2522
2507
2486
2480
2451
2446
2428
2401
2381
2376
2361
2329
2328
2321
2320
2297
2289
2286
2279
2274
2251
2237
2221
2214
2213
2208
2198
2158
2154
2148
2145
2142
2135
2124
2114
2105
2103
2092
2071
2068
2067
2057
2052
2044
2027
2022
2018
2005
1997
1996
1991
1950
1932
1923
1895
1893
1890
1886
1875
1832
1831
1824
1798
1792
1783
1780
1768
1763
1760
1760
1752
1750
1712
1711
1706
1695
1692
1690
1688
1663
1650
1644
1631
1608
1598
1588
1579
1567
1565
1561
1556
1552
1552
1551
1548
1544
1542
1518
1503
1494
1486
1473
1458
1456
1452
1444
1443
1430
1425
1424
1418
1417
1417
1400
1395
1377
1375
1372
1355
1351
1346
1343
1329
1323
1320
1316
1297
1289
1274
1257
1242
1239
1221
1211
1208
1192
1192
1183
1172
1164
1156
1151
1144
1123
1111
1086
1085
1084
1077
1072
1049
1029
1028
1027
1016
1009
994
991
982
960
950
949
941
940
937
906
889
837
766
762
758
749
745
731
731
725
719
705
702
688
686
684
673
671
660
658
647
645
634
628
610
605
600
598
598
569
568
565
557
551
545
504
503
488
471
448
446
439
424
423
419
411
410
393
384
376
368
339
336
326
321
291
264
252
249
244
240
232
217
205
199
166
161
146
135
126
100
92
81
72
72
61
60
46
39
12
8
4
3
