99919
99815
99804
99703
99689
99669
99619
99600
99575
99557
99519
99257
99188
99028
98706
98634
98603
98396
98304
98282
98281
98183
97702
97686
97486
97229
97175
97034
96988
96970
96930
96732
96407
96204
96174
96154
96144
95926
95659
95611
95548
95398
95213
95186
95162
95132
94955
94823
94803
94794
94765
94651
94413
94042
93938
93817
93800
93684
93408
93240
92783
92635
92151
92132
92128
92086
92030
91788
91445
91384
91354
91246
91131
91129
90908
90806
90781
90749
90616
90583
90160
90098
90062
89910
89887
89856
89333
89310
89268
89175
89167
89136
88911
88839
88811
88746
88705
88471
88367
88211
88162
88152
88118
88116
87874
87865
87743
87638
87558
87339
87001
86904
86679
86535
86214
86176
86150
85961
85891
85880
85828
85827
85816
85717
85682
85677
85527
85461
85372
85338
85282
85072
85042
85039
84965
84850
84800
84754
84526
84372
84372
84065
84055
83948
83881
83866
83693
83602
83529
83446
83219
83180
83080
82966
82964
82874
82857
82811
82779
82597
82580
82390
82258
82176
81988
81917
81732
81711
81625
81621
81618
81579
81573
81562
81519
81464
81274
81165
81097
81020
80882
80457
80150
80121
80091
80085
78978
78895
78859
78742
78739
78718
78714
78591
78359
78247
78239
78232
78193
77991
77918
77854
77848
77840
77705
77693
77669
77659
77615
77201
77191
77115
77067
77046
76957
76927
76796
76658
76644
76611
76579
76413
76325
76202
76005
75949
75865
75748
75552
75486
75376
75350
75335
75132
74969
74928
74728
74487
74386
74385
74340
74262
74185
74134
73974
73934
73861
73683
73674
73462
73436
73402
73357
73342
73260
73108
73088
72959
72945
72859
72809
72556
72553
72431
72228
71939
71620
71370
71203
71103
71052
71046
70858
70782
70736
70530
70351
70249
70218
70213
70174
69895
69872
69797
69793
69778
69602
69596
69498
69498
69444
69328
69098
69095
69088
68700
68667
68659
68493
68480
68449
68330
68321
68255
68206
68186
68165
68146
68111
67985
67910
67425
67345
67213
67184
67118
66889
66809
66586
66546
66532
66473
66301
66278
66052
65949
65946
65934
65891
65707
65624
65553
65546
65443
65334
65254
65232
65021
65009
64868
64724
64722
64687
64618
64482
64415
64405
64133
64082
64073
63736
63722
63569
63467
63433
63427
63424
63292
63259
63078
63016
63011
62963
62947
62821
62582
62581
62469
62334
62262
62187
61952
61858
61847
61838
61769
61742
61707
61705
61501
61324
61253
61154
60951
60883
60866
60849
60790
60778
60608
60606
60593
60540
60501
60489
60163
59881
59803
59591
59504
59393
59173
59003
58949
58777
58751
58663
58545
58419
58400
58387
58361
58313
58245
58225
57963
57787
57764
57678
57646
57245
57164
56840
56645
56607
56567
56548
56448
56381
56379
56357
56346
56121
55955
55940
55914
55859
55692
55406
55350
55331
55084
55008
54841
54767
54693
54682
54655
54464
54358
54340
54141
54028
53977
53976
53681
53649
53617
53593
53536
53487
53477
53282
53199
52794
52174
52087
52064
51914
51879
51845
51803
51750
51612
51476
51407
51405
51272
51084
51056
50937
50674
50443
50432
50312
50019
49845
49756
49717
49548
49032
48967
48746
48188
48121
48111
48050
47940
47874
47640
47564
47489
47367
47304
47290
47232
47224
47209
47016
46855
46708
46703
46700
46499
46463
46399
46367
46361
46308
46054
46031
45997
45891
45853
45766
45527
45519
45456
45402
45278
45231
45140
45135
44832
44741
44511
44260
44224
44200
44151
43877
43861
43835
43711
43683
43668
43361
43340
43259
43164
43024
42967
42937
42775
42754
42719
42704
42693
42523
42416
42387
42377
42227
42221
42211
42180
42144
42081
42048
41945
41685
41590
41584
41504
41287
41266
41189
41098
41088
40803
40751
40561
40548
40476
40455
40438
40437
40399
40346
40148
40142
40127
39822
39622
39559
39406
39308
39214
39170
39116
38945
38872
38545
38320
38218
38105
38082
38042
38025
37977
37414
37229
36953
36613
36589
36503
36474
36453
36423
36142
36002
35761
35695
35660
35433
35421
35296
35146
35120
35025
34904
34890
34783
34701
34629
34566
34504
34368
34044
33738
33697
33637
33626
33591
33485
33373
33302
33249
33152
33144
33090
33058
32951
32929
32635
32346
32119
32115
32063
32034
31927
31817
31482
31455
31236
31194
31148
31124
31096
30928
30835
30767
30636
30583
30388
30341
30308
30260
30191
30011
30006
29949
29803
29726
29574
29506
29503
29319
29273
29149
29137
28979
28816
28732
28683
28498
28467
28327
28258
28224
28153
28133
28103
27853
27713
27636
27578
27547
27394
27199
27186
27145
27140
26999
26711
26665
26444
26424
26168
26043
25996
25984
25782
25724
25602
25589
25581
25385
25313
25117
25095
24851
24817
24813
24754
24749
24705
24616
24495
24484
24217
24169
24090
24080
24075
23950
23848
23752
23681
23626
23542
23534
23508
23363
23257
23229
22587
22347
22200
21958
21868
21839
21707
21609
21440
21424
21365
21173
21165
20894
20688
20654
20637
20552
20532
20529
20430
20404
20247
20206
20090
20070
20063
19924
19919
19893
19828
19773
19625
19576
19480
19451
19429
19387
19356
19325
19249
19109
19095
18646
18268
18258
18200
18176
18105
18063
17995
17951
17911
17858
17836
17803
17686
17649
17619
17616
17563
17541
17465
17291
17240
17238
16988
16970
16967
16966
16914
16846
16741
16658
16580
16529
16418
16400
16243
16113
16015
15990
15835
15751
15705
15590
15572
15526
15082
14996
14808
14374
14342
14239
14168
14028
13965
13896
13894
13839
13802
13742
13721
13690
13651
13535
13502
13413
13343
13336
13226
13087
13069
13055
12969
12949
12899
12734
12648
12644
12568
12497
12484
12460
12335
12202
11867
11698
11675
11667
11598
11582
11571
11566
11536
11468
11417
11392
11302
11289
11267
11206
11204
11137
11114
10990
10937
10895
10858
10843
10603
10443
10213
10130
9688
9415
9128
9082
8977
8851
8849
8593
8572
8531
8485
8462
7974
7918
7883
7844
7812
7765
7657
7372
7198
7165
7155
7082
7031
6983
6795
6755
6360
6339
6329
6210
6027
6022
5932
5888
5776
5626
5596
5520
5517
5338
5264
5226
5173
5124
5049
4872
4870
4815
4541
4421
4407
4274
4100
3855
3778
3715
3390
3314
3294
3188
3128
3114
2871
2736
2617
2575
2468
2436
1896
1864
1814
1802
1721
1680
1679
1566
1549
1494
1374
1230
1119
1087
872
603
396
369
216
197
